1247 710 43 1 0
1244 717 39 0 1
1243 717 41 0 0
1253 699 48 1 0
1246 712 42 1 0
1246 716 36 3 0
1259 692 45 5 0
1245 716 39 1 0
1236 733 30 2 0
1252 704 42 3 0
1248 712 40 1 0
1253 699 47 2 0
1256 695 47 3 0
1240 727 31 3 0
1243 721 36 1 0
1254 699 46 2 0
1250 707 42 2 0
1253 703 43 2 0
1248 717 30 4 2
1247 708 46 0 0
1254 698 48 1 0
1244 718 38 1 0
1243 720 35 3 0
1242 722 35 2 0
1253 703 43 1 1
1247 713 38 3 0
1245 716 39 1 0
1246 713 42 0 0
1249 709 41 2 0
1247 713 39 2 0
1245 717 36 3 0
1253 701 44 3 0
1242 720 39 0 0
1249 710 41 0 1
1252 702 45 2 0
1259 690 48 4 0
1243 720 36 2 0
1251 703 45 2 0
1247 710 42 2 0
1248 709 42 2 0
1254 698 48 0 1
1244 719 35 3 0
1254 696 50 1 0
1249 708 41 3 0
1252 704 43 2 0
1246 713 42 0 0
1245 713 43 0 0
1255 697 47 2 0
1257 692 51 1 0
1253 698 50 0 0
1246 712 43 0 0
1240 726 35 0 0
1241 723 36 1 0
1245 717 37 2 0
1247 712 42 0 0
1253 703 41 4 0
1257 692 51 1 0
1242 722 35 2 0
1250 708 41 2 0
1253 703 43 1 1
1246 713 41 1 0
1248 710 43 0 0
1243 723 32 2 1
1248 708 45 0 0
1248 709 43 1 0
1240 723 38 0 0
1230 745 24 2 0
1237 731 33 0 0
1249 709 42 1 0
1241 725 35 0 0
1249 711 37 4 0
1243 718 39 1 0
1242 719 39 1 0
1252 705 40 3 1
1262 685 51 2 1
1259 692 47 2 1
1243 719 38 1 0
1238 728 34 1 0
1250 706 43 2 0
1247 712 41 1 0
1243 721 35 2 0
1241 723 36 1 0
1246 712 43 0 0
1265 676 57 3 0
1251 703 45 2 0
1254 700 45 1 1
1243 720 36 2 0
1241 724 35 1 0
1236 732 32 1 0
1259 691 48 3 0
1248 709 42 2 0
1243 720 36 2 0
1236 733 31 1 0
1254 699 45 3 0
1254 700 44 3 0
1255 696 49 1 0
1247 712 40 2 0
1247 713 40 1 0
1256 694 48 3 0
1256 692 52 1 0
1242 722 36 1 0
1247 712 42 0 0
1246 715 37 3 0
1252 703 44 2 0
1252 703 44 2 0
1253 700 46 1 1
1250 707 40 4 0
1246 716 36 3 0
1243 719 38 1 0
1246 712 42 1 0
1250 704 47 0 0
1265 680 50 6 0
1254 701 43 2 1
1255 696 48 2 0
1246 716 37 1 1
1250 708 42 1 0
1238 729 33 1 0
1251 703 47 0 0
1250 705 45 1 0
1251 709 39 2 0
1237 729 35 0 0
1240 725 34 1 1
1251 707 39 3 1
1249 709 40 3 0
1244 717 40 0 0
1246 712 42 1 0
1233 738 30 0 0
1249 708 43 1 0
1249 707 44 1 0
1250 704 46 1 0
1245 715 40 1 0
1245 717 38 1 0
1251 703 47 0 0
1255 697 48 1 0
1243 720 38 0 0
1243 720 37 1 0
1238 731 32 0 0
1241 724 35 1 0
1236 731 34 0 0
1252 703 44 2 0
1246 715 39 0 1
1251 706 43 1 0
1248 709 43 1 0
1251 706 41 2 1
1239 726 36 0 0
1253 703 41 4 0
1246 712 43 0 0
1265 680 54 2 0
1236 732 33 0 0
1259 690 49 2 1
1239 728 33 1 0
1240 724 36 1 0
1248 710 42 1 0
1247 718 31 5 0
1246 713 40 2 0
1247 712 40 1 1
1243 722 33 3 0
1257 692 50 2 0
1249 707 44 1 0
1255 700 42 2 2
1246 712 42 1 0
1242 719 40 0 0
1250 705 44 2 0
1252 699 49 1 0
1253 705 38 5 0
1245 714 42 0 0
1258 690 51 2 0
1251 707 40 3 0
1243 718 39 1 0
1252 702 47 0 0
1248 709 44 0 0
1239 725 36 1 0
1245 714 42 0 0
1248 707 46 0 0
1265 673 62 1 0
1239 728 34 0 0
1245 713 43 0 0
1240 726 34 1 0
1247 715 36 3 0
1247 710 44 0 0
1251 703 46 1 0
1245 715 41 0 0
1245 715 39 2 0
1243 717 41 0 0
1251 704 45 1 0
1243 721 36 1 0
1252 699 50 0 0
1262 688 45 5 1
1253 704 41 3 0
1251 707 40 3 0
1251 709 41 0 0
1247 709 45 0 0
1241 725 35 0 0
1238 730 32 1 0
1238 728 35 0 0
1245 715 39 2 0
1248 711 40 2 0
1242 719 39 1 0
1253 702 45 1 0
1248 707 46 0 0
1261 687 50 3 0
1240 727 33 0 1
1251 703 46 1 0
1252 701 46 2 0
1243 721 35 2 0
1252 703 44 0 2
1243 720 36 2 0
1245 716 38 2 0
1249 708 43 1 0
1260 688 49 4 0
1246 712 43 0 0
1260 686 54 1 0
1247 714 36 4 0
1256 693 50 2 0
1256 692 53 0 0
1244 717 38 2 0
1252 704 43 2 0
1254 699 46 2 0
1252 699 50 0 0
1244 716 41 0 0
1251 704 46 0 0
1250 707 43 1 0
1257 695 45 3 1
1250 706 43 1 1
1252 705 42 2 0
1246 715 40 0 0
1244 717 40 0 0
1248 709 42 2 0
1243 719 38 1 0
1247 711 43 0 0
1246 715 39 1 0
1258 689 53 1 0
1244 717 39 1 0
1244 720 34 3 0
1250 705 45 1 0
1247 712 41 0 1
1250 704 47 0 0
1242 724 32 3 0
1249 710 41 1 0
1255 698 44 4 0
1246 714 41 0 0
1240 726 33 2 0
1258 696 42 3 2
1262 682 55 1 1
1253 703 41 3 1
1248 707 46 0 0
1235 738 28 0 0
1242 722 35 2 0
1254 695 52 0 0
1249 710 40 2 0
1247 710 44 0 0
1252 702 47 0 0
1237 730 33 1 0
1248 714 35 3 1
1242 721 37 1 0
1265 678 55 2 1
1247 711 42 1 0
1242 721 37 1 0
1242 722 37 0 0
1241 722 36 2 0
1252 701 47 1 0
1243 718 40 0 0
1247 715 35 4 0
1244 720 36 0 1
1249 709 41 2 0
1255 698 44 4 0
1243 719 38 1 0
1246 714 40 1 0
1238 730 32 1 0
1250 704 46 1 0
1246 713 39 3 0
1251 704 46 0 0
1245 715 40 1 0
1247 712 40 2 0
1250 707 43 1 0
1254 699 45 3 0
1246 716 37 2 0
1248 709 42 2 0
1244 716 41 0 0
1248 710 42 1 0
1249 709 40 3 0
1261 685 52 3 0
1247 714 39 1 0
1243 719 38 1 0
1255 696 50 0 0
1261 687 49 4 0
1255 695 50 1 0
1254 698 48 1 0
1246 714 39 2 0
1245 713 43 0 0
1246 715 38 1 1
1244 719 36 2 0
1252 700 49 0 0
1252 702 44 3 0
1258 689 53 1 0
1239 728 32 2 0
1254 697 49 1 0
1249 708 44 0 0
1247 713 40 1 0
1247 712 41 1 0
1248 709 42 2 0
1252 702 46 1 0
1238 729 32 2 0
1250 708 40 2 1
1250 711 36 4 0
1247 710 44 0 0
1247 711 41 2 0
1243 721 34 2 1
1251 706 41 2 1
1246 714 40 1 0
1257 692 51 1 0
1244 717 38 2 0
1244 717 40 0 0
1247 715 35 4 0
1259 687 55 0 0
1243 724 31 3 0
1248 710 42 1 0
1240 725 36 0 0
1248 713 37 3 0
1247 713 40 1 0
1237 729 35 0 0
1247 710 44 0 0
1255 698 46 1 1
1246 712 42 1 0
1242 721 37 1 0
1252 707 39 2 1
1249 708 41 3 0
1253 698 48 2 0
1247 715 38 0 1
1253 704 39 5 0
1251 708 39 2 1
1257 697 43 3 1
1249 709 41 2 0
1240 724 37 0 0
1255 700 42 4 0
1238 729 34 0 0
1243 721 36 1 0
1254 700 45 1 1
1245 715 41 0 0
1254 698 46 3 0
1254 699 47 0 1
1248 713 38 0 2
1252 702 47 0 0
1246 712 42 1 0
1250 706 45 0 0
1247 710 43 0 1
1237 731 32 0 1
1246 715 39 0 1
1259 688 53 1 0
1249 709 42 0 1
1245 718 36 1 1
1249 713 35 3 1
1261 683 55 2 0
1244 718 39 0 0
1245 715 39 2 0
1242 722 36 1 0
1231 741 29 0 0
1247 710 44 0 0
1254 700 44 3 0
1246 713 41 1 0
1247 711 43 0 0
1237 731 32 1 0
1246 718 35 1 1
1243 721 34 3 0
1238 727 35 1 0
1248 710 41 1 1
1252 704 42 2 1
1249 709 41 2 0
1245 716 38 2 0
1241 725 32 3 0
1256 699 42 2 2
1249 707 43 2 0
1247 711 42 1 0
1251 701 48 1 0
1238 734 28 1 0
1243 717 41 0 0
1248 710 41 2 0
1250 706 44 1 0
1251 703 47 0 0
1255 698 46 2 0
1253 700 47 1 0
1238 730 32 1 0
1252 703 46 0 0
1255 699 45 1 1
1252 702 46 1 0
1253 705 39 3 1
1246 715 38 2 0
1242 720 38 1 0
1248 710 42 1 0
1248 710 43 0 0
1254 698 47 2 0
1260 689 49 3 0
1241 722 38 0 0
1250 705 45 1 0
1241 725 34 0 1
1254 699 47 1 0
1257 694 48 2 0
1256 695 48 2 0
1243 724 31 3 0
1251 705 43 2 0
1249 707 44 1 0
1253 700 47 1 0
1253 699 49 0 0
1259 690 49 3 0
1246 715 37 3 0
1243 718 38 2 0
1252 703 42 4 0
1253 703 43 2 0
1250 708 41 2 0
1238 729 34 0 0
1265 681 51 3 1
1252 702 44 3 0
1257 696 45 3 0
1251 705 41 4 0
1241 724 34 2 0
1242 723 32 4 0
1250 706 43 2 0
1242 722 35 2 0
1238 727 36 0 0
1258 691 50 2 0
1239 727 33 2 0
1258 693 47 3 0
1248 709 44 0 0
1254 700 44 3 0
1241 721 39 0 0
1264 681 53 3 0
1233 736 32 0 0
1246 714 39 2 0
1250 707 41 3 0
1248 709 42 2 0
1251 703 47 0 0
1245 717 37 1 1
1249 709 42 1 0
1256 693 50 2 0
1255 695 51 0 0
1251 705 42 3 0
1257 690 53 1 0
1243 718 40 0 0
1251 706 40 4 0
1248 709 44 0 0
1245 715 41 0 0
1251 701 49 0 0
1237 729 35 0 0
1251 702 47 1 0
1242 720 39 0 0
1242 721 37 1 0
1244 719 36 2 0
1249 710 39 2 1
1259 690 50 2 0
1245 718 35 3 0
1252 707 38 3 1
1043 554 40 2 0
1249 707 45 0 0
1247 709 45 0 0
1251 702 47 0 1
1246 716 37 2 0
1256 697 45 2 1
1253 703 41 3 1
1246 714 40 1 0
1249 708 43 1 0
1244 720 35 2 0
1244 718 38 0 1
1246 714 39 2 0
1247 711 42 1 0
1237 729 34 1 0
1235 733 33 0 0
1251 704 45 1 0
1247 714 37 3 0
1243 719 37 2 0
1256 692 52 1 0
1248 709 44 0 0
1249 705 46 1 0
1243 722 34 2 0
1250 708 39 4 0
1253 700 46 2 0
1252 702 46 1 0
1255 695 49 1 1
1245 716 37 3 0
1244 717 40 0 0
1251 704 43 3 0
1239 728 34 0 0
1244 715 41 1 0
1245 717 37 2 0
1251 702 48 0 0
1243 719 38 1 0
1237 733 30 1 0
1243 719 38 0 1
1244 719 36 2 0
1259 688 52 2 0
1250 706 43 2 0
1240 723 38 0 0
1260 684 56 1 0
1254 700 43 3 1
1246 717 36 2 0
1249 712 38 2 0
1256 691 54 0 0
1242 719 39 1 0
1252 703 43 3 0
1247 713 40 0 1
1252 703 44 2 0
1245 717 35 4 0
1244 717 39 1 0
1244 718 39 0 0
1251 707 40 3 0
1241 722 36 2 0
1245 714 42 0 0
1243 719 38 1 0
1249 705 46 1 0
1247 710 44 0 0
1257 694 48 2 0
1248 711 40 2 0
1252 705 42 2 0
1246 712 42 1 0
1245 717 36 3 0
1253 702 43 3 0
1245 714 41 1 0
1245 719 34 3 0
1254 699 47 1 0
1242 723 34 2 0
1250 706 44 1 0
1247 712 40 2 0
1247 710 43 1 0
1260 686 53 2 0
1251 704 45 0 1
1254 698 48 0 1
1246 715 39 1 0
1255 699 43 4 0
1255 697 46 3 0
1249 708 44 0 0
1240 725 35 1 0
1251 705 43 1 1
1250 706 42 3 0
1251 703 47 0 0
1256 694 50 1 0
1259 688 50 4 0
1255 694 52 0 0
1238 729 33 1 0
1248 709 43 1 0
1249 708 42 1 1
1260 692 46 2 1
1250 706 43 2 0
1252 702 44 3 0
1244 717 40 0 0
1244 720 36 0 1
1238 729 34 0 0
1249 711 40 0 1
1260 691 45 3 2
1242 719 40 0 0
1245 718 35 3 0
1256 697 46 1 1
1255 700 42 2 2
1257 699 40 3 2
1247 711 42 1 0
1257 693 49 2 0
1248 709 42 2 0
1254 696 50 1 0
1254 699 46 2 0
1249 708 44 0 0
1260 688 51 0 2
1256 694 51 0 0
1246 711 44 0 0
1252 702 46 1 0
1249 706 44 2 0
1262 684 52 3 0
1267 674 58 1 1
1248 709 43 0 1
1251 706 42 2 0
1240 724 37 0 0
1244 721 33 3 0
1239 733 25 2 2
1253 701 43 4 0
1246 711 43 1 0
1253 701 44 3 0
1247 711 42 1 0
1248 711 40 1 1
1253 705 39 3 1
1238 729 34 0 0
1251 704 43 3 0
1242 723 34 2 0
1247 712 39 3 0
1251 706 43 0 1
1253 700 46 2 0
1241 722 36 2 0
1248 708 43 2 0
1251 709 37 3 1
1250 706 44 1 0
1240 728 32 0 1
1241 721 39 0 0
1248 709 44 0 0
1244 718 37 2 0
1252 703 45 1 0
1242 721 37 0 1
1254 703 39 4 1
1254 700 45 0 2
1240 726 32 3 0
1249 705 47 0 0
1241 724 35 0 1
1246 713 41 1 0
1257 693 49 2 0
1240 725 35 1 0
1255 696 49 1 0
1249 705 47 0 0
1250 705 46 0 0
1260 689 49 2 1
1242 724 33 2 0
1255 700 42 4 0
1256 695 49 0 1
1251 703 46 1 0
1247 714 38 2 0
1240 725 35 1 0
1248 710 42 1 0
1249 706 46 0 0
1249 709 41 2 0
1233 738 29 1 0
1245 712 44 0 0
1248 711 41 1 0
1247 710 43 1 0
1252 702 45 2 0
1258 690 51 2 0
1248 710 43 0 0
1250 708 40 3 0
1245 716 39 1 0
1262 683 55 1 0
1239 726 35 1 0
1258 692 49 2 0
1236 732 32 1 0
1247 712 41 1 0
1244 719 37 1 0
1250 707 44 0 0
1247 711 43 0 0
1253 703 42 3 0
1250 706 42 3 0
1250 705 45 1 0
1248 710 41 2 0
1240 723 38 0 0
1245 716 39 1 0
1233 739 29 0 0
1243 719 39 0 0
1245 713 43 0 0
1247 711 42 1 0
1254 699 46 1 1
1255 697 49 0 0
1255 696 47 3 0
1252 703 45 1 0
1249 710 38 2 2
1246 714 41 0 0
1238 728 34 1 0
1251 706 44 0 0
1252 704 42 2 1
1249 708 43 0 1
1239 726 35 1 0
1235 735 30 1 0
1255 698 46 1 1
1251 703 46 1 0
1248 709 43 1 0
1246 712 42 1 0
1241 720 40 0 0
1262 686 49 4 0
1249 709 42 1 0
1248 712 38 3 0
1255 694 52 0 0
1255 701 44 1 0
1246 713 42 0 0
1252 700 48 1 0
1253 700 47 1 0
1245 715 39 2 0
1247 710 44 0 0
1251 702 47 1 0
1247 710 43 1 0
1243 719 38 1 0
1248 712 39 2 0
1250 708 41 2 0
1247 715 35 3 1
1256 693 50 2 0
1243 718 39 1 0
1250 708 41 2 0
1256 696 45 3 1
1253 702 43 3 0
1255 702 41 2 1
1238 727 36 0 0
1252 703 44 2 0
1256 695 48 2 0
1254 699 45 3 0
1252 701 47 1 0
1249 710 40 2 0
1246 718 35 2 0
1246 713 41 1 0
1250 708 41 1 1
1255 696 48 2 0
1257 689 55 0 0
1249 710 39 3 0
1248 710 42 1 0
1253 698 50 0 0
1246 712 42 1 0
1253 705 41 1 1
1245 714 41 1 0
1243 720 37 1 0
1245 714 41 1 0
1243 720 37 1 0
1255 699 43 4 0
1250 705 45 1 0
1251 704 44 2 0
1251 703 46 1 0
1252 704 45 0 0
1234 735 32 0 0
1254 703 40 2 2
1253 700 47 1 0
1249 705 47 0 0
1246 715 38 1 1
