64489
64654
63861
63958
63361
64310
64891
64078
63836
63805
63712
64374
64145
63833
63257
63661
63747
63636
66008
63699
63273
63555
64108
64507
64638
63657
63428
64171
63421
63714
64289
64464
63891
63870
63943
64797
64083
64369
64644
64321
65054
63609
63919
64397
64105
64038
64372
64070
63978
64041
64445
63296
64394
63638
63890
63709
63684
63673
63111
64748
64088
63380
64721
64338
63651
63961
63714
63341
64098
63441
64503
64368
63152
65566
64247
64859
63103
63353
63840
63349
64247
63870
63858
64745
63632
64996
63834
63981
63968
64490
64516
64178
63800
64784
64519
63606
64091
63885
64267
64543
63642
63465
64431
63879
64156
64806
64823
64191
64277
64203
63330
63993
65256
63970
63622
63402
63786
63559
63938
63287
64121
64953
65039
63360
64043
63349
63890
64391
64598
64311
64114
63736
62915
63683
63478
63471
62808
63632
64211
63663
64231
63812
63919
65310
63458
64083
63698
64396
63713
65616
63322
64195
63314
63787
64304
64872
63711
64915
64391
66204
63725
63684
63858
65014
64184
64159
63627
63856
63257
63612
64230
63946
63149
64045
64390
63553
63888
64035
64532
64189
63833
63792
63929
62803
64005
63548
64208
65252
64209
64134
62877
63902
63390
63934
63891
64122
63660
64030
63756
64266
64410
64433
63598
64315
64005
65172
64288
64229
63928
65204
63985
63900
64852
64684
64052
64035
63309
64141
63402
63821
63812
63800
64839
64702
64188
63622
63923
64005
64392
63652
64039
64260
63880
63262
64126
64767
64166
63749
64140
64489
63002
63714
66032
64668
65383
64322
63223
64871
64158
63949
64184
63332
63799
65014
63750
64814
64342
64082
63637
63832
63896
63510
64370
64242
64102
64247
64136
63446
63690
64300
63955
63717
64213
63290
63898
64286
63823
64456
63801
63254
63957
64307
63420
63447
63713
63503
64036
64279
64049
63413
64502
64612
64154
64242
64208
63717
64384
63702
63432
64075
63836
63994
63757
64634
63841
63985
63859
64567
64713
63897
63812
64084
64037
63879
63992
63892
64404
64314
63666
63214
64106
63356
65186
63983
63617
64791
63994
63413
64264
64221
65353
64096
64308
63794
64235
63837
62958
65171
63774
64148
64384
65485
63625
64084
63561
64804
64657
63902
64219
64777
65401
63723
63466
63804
64095
63767
63893
63279
63545
63920
63751
63785
65159
63863
63663
65694
64945
64270
64182
64340
66188
65125
63566
63254
64152
63250
64582
64220
63983
63462
64687
63686
63617
64358
64056
65265
64035
64138
63175
63966
64840
64085
63548
63076
64213
64355
64476
64577
64149
64214
63789
63774
63486
64412
64916
64493
63805
63532
64092
63218
64510
64390
64295
64663
64070
64598
64152
64322
63606
64190
64392
63998
63205
64689
64004
64030
63962
63503
64207
63811
63455
64218
63688
64439
64087
63471
64491
63684
64432
63686
64043
63530
63528
63834
63726
63224
63766
65448
64584
64618
64914
51348
64072
63722
65693
63525
65300
65022
63808
63999
64071
65024
64199
63868
64137
62116
64282
64049
64429
64195
63320
64086
64169
64592
64257
64407
65109
63862
64105
63668
63308
63456
63689
64410
63644
63566
65101
64269
62967
64028
63665
64463
64750
64176
62706
64595
63481
64433
64781
64448
63395
63889
63286
64204
63588
63989
64169
63506
62643
63741
62147
63522
63562
64369
64460
64326
63462
64182
63792
64059
64065
64077
64675
65026
64781
63394
64362
64564
63811
62585
64378
64023
64204
63224
64467
63666
63955
64070
64635
65271
64073
64617
64023
64581
64137
64238
65105
63741
64412
65150
65915
66358
63882
63934
63651
64337
64391
63526
66141
63986
63602
63790
64029
64175
65053
64656
63816
64032
64941
65211
64230
64292
64327
63767
65407
64974
63420
64241
63350
64509
64776
64061
64232
64549
65378
64033
64702
64049
62993
64016
64108
64903
65596
65548
64055
64571
64699
64077
64140
63711
64412
64089
63616
65249
63911
64384
64244
64716
63995
64247
63441
63790
64219
63664
64030
63276
63596
64253
63909
63697
62045
62995
63865
63862
63720
63390
63823
63877
63654
64079
64336
63682
63162
64474
63077
63597
63502
63537
63146
64139
64828
63262
64817
63710
65661
63462
64351
64614
65010
64597
63839
64065
65379
64062
63810
63568
63884
65203
63520
63551
63629
63586
63645
63778
63733
63605
64095
63137
64065
63384
62921
63426
64749
63626
64146
63576
65265
63828
64723
63345
63714
64392
64482
64306
63789
63232
63933
64671
64115
64834
63593
63977
63218
63509
65183
64102
63936
64141
63427
64328
64260
64081
64185
63957
63370
65234
63475
63438
64809
64678
65008
64266
64370
65168
63803
64090
64068
65210
63120
64105
63876
63329
64299
64368
65323
64304
63358
63939
64558
63833
64069
63604
65559
63435
63361
63932
63878
65249
63832
64102
63715
63317
63777
64221
63990
63372
63864
64184
63926
63136
64072
63824
64371
63622
63994
64122
64475
63606
64771
65054
64618
64243
62719
64112
65730
63558
64677
63538
63406
64696
63972
64304
62646
65366
63548
64009
63881
64132
64727
64361
62837
64012
63836
63762
63970
63739
64054
63946
65545
63888
64925
63049
64672
64148
65338
64038
63956
63821
64449
63791
63968
63899
64440
63381
63972
63698
63621
64269
64206
64746
64103
63811
63822
63883
65004
64627
63865
63537
63840
64303
65144
64138
63904
64245
63441
64332
64328
64017
64820
63023
63529
63982
64917
64119
64476
64257
63276
63917
63999
64558
64440
63793
63632
63689
64415
63329
65156
64180
63748
64579
63919
65415
63558
64265
63161
63518
63825
63763
63890
63818
62866
63987
63851
64648
64249
64108
63416
63970
63745
64363
64910
63420
63677
63757
64389
64826
64013
64795
63440
64108
63555
64187
64406
63364
63832
63628
64245
64902
63772
64830
64439
64679
63580
64142
64678
64060
64114
64163
63427
64296
64281
64537
64222
65116
64078
64496
63640
63591
64352
66038
62933
64264
63956
63399
63746
63561
63781
63627
64381
63836
63794
65306
63152
64201
63808
63771
64795
63719
64239
64283
63732
63817
63700
63546
63806
63539
63680
64426
64389
64639
64186
64228
64274
63936
64119
63819
64250
63080
65442
62517
64336
64281
64149
63678
63825
63749
63332
63439
64091
63175
64188
64304
64607
64374
63126
63445
64200
63792
64034
64337
63432
64065
63849
64315
64521
64041
65256
63980
64308
63624
64181
64439
64272
64085
64251
63981
63756
66153
64278
63455
63079
64475
64759
63161
64681
64443
63064
63514
64093
63643
63982
64615
64312
63279
63975
64767
64252
64186
63838
64404
64386
63601
64331
63701
63827
63726
64149
63746
64010
64458
64099
63433
64020
63916
64343
63755
64466
63722
63501
63749
63667
64839
63548
63439
64225
63609
65510
64257
63118
64064
63860
64917
64143
64180
63752
64100
64095
63267
64222
63941
65565
65022
63217
63783
64759
65366
63804
63734
63988
65018
64147
63824
64153
63980
64459
63464
63522
63833
63820
64334
65248
63977
64426
64181
64278
64646
64567
63782
63276
65128
64582
63684
65629
64232
63935
64683
64098
63782
63387
65190
63737
65502
63735
64379
64673
64025
65581
63922
63556
63766
64065
65087
63255
63937
63492
63862
64121
63597
63785
63421
64798
64317
63502
63832
63798
63700
63895
64154
64135
64286
63580
64367
64751
63059
64132
64205
64187
65271
63643
63407
64481
64845
64521
64787
65385
64422
64445
65353
64657
64444
64183
64402
64288
63419
63201
63779
64066
64064
63483
63711
63550
65443
64404
64216
63477
65102
65137
66380
64450
63922
62922
64467
64283
64266
63962
63432
63478
63740
63860
62729
64146
63454
63991
64872
63437
64056
63936
64375
64453
63194
63556
63663
63557
63416
63171
64295
63679
64355
63807
65070
62825
63412
64737
64295
63470
63932
64359
64071
65226
63833
64279
63774
64011
63679
64522
63630
64098
64140
65008
