1259 688 52 1 1
1258 690 50 3 0
1259 690 47 5 0
1260 691 44 6 0
1251 704 43 3 0
1263 686 48 4 0
1277 661 58 4 1
1278 661 60 1 1
240 107 8 1 0
1260 687 52 2 0
1277 662 58 4 0
1173 605 55 1 0
1261 686 51 3 0
1185 623 53 0 0
1270 673 51 6 1
263 135 5 0 0
1256 695 48 2 0
1259 690 49 2 1
1139 593 46 4 0
353 180 8 2 0
1267 677 54 1 2
716 361 28 2 1
1260 689 49 3 0
1269 676 51 4 1
621 330 20 1 0
1273 669 50 8 1
1165 618 43 4 0
704 367 25 2 0
1272 671 54 3 1
1257 694 49 1 0
1258 692 48 2 1
932 494 36 2 0
1035 557 40 0 0
1264 678 55 4 0
448 215 18 2 0
1261 687 47 6 0
1259 697 43 2 0
1262 685 50 4 0
1257 689 55 0 0
1254 698 47 2 0
1267 674 55 5 0
1272 670 56 3 0
208 85 10 0 0
505 254 21 0 0
355 163 14 1 1
1272 667 58 4 0
1107 563 51 3 0
1264 680 56 1 0
674 331 29 2 1
1276 666 55 4 0
988 526 32 2 2
1262 684 51 4 0
1261 684 54 1 1
1271 668 58 4 0
1269 674 53 5 0
1274 664 61 2 0
1268 682 45 5 1
1253 698 49 1 0
393 193 16 0 0
597 316 19 1 0
448 236 12 1 0
1279 653 62 7 0
178 76 6 0 0
1252 701 46 2 0
766 400 27 3 0
269 128 9 0 0
361 182 12 0 0
1269 674 51 5 2
1248 643 53 5 0
944 493 32 4 1
1259 686 54 2 0
1255 699 43 4 0
1255 696 47 3 0
589 291 23 3 0
1255 698 44 4 0
1274 659 65 2 1
683 339 32 1 0
1262 682 53 4 0
1267 676 53 5 0
330 163 8 2 0
1263 687 48 3 0
1203 653 38 5 0
1009 497 54 1 0
1270 668 61 1 1
246 107 10 1 0
1259 689 50 3 0
1259 690 47 4 1
885 438 40 4 0
285 126 12 1 0
1252 701 46 1 1
1270 670 55 6 0
1259 689 52 1 0
1249 707 43 1 1
197 99 2 0 0
1251 704 45 0 1
1256 692 52 1 0
633 325 23 2 0
835 441 32 1 0
1280 656 62 2 1
1262 689 41 8 1
1247 713 39 2 0
1250 703 48 0 0
1274 659 65 2 1
187 85 3 1 0
351 163 15 1 0
1278 652 67 3 1
1010 525 43 0 1
577 282 22 4 0
1257 694 47 3 0
402 199 8 2 2
1264 680 54 3 0
742 383 30 1 0
1265 682 49 3 2
1265 677 55 4 0
1265 683 47 5 1
1270 673 51 4 3
1262 691 42 6 0
1247 713 38 3 0
1030 520 46 4 0
1283 643 73 2 0
1271 666 60 4 0
1264 678 56 3 0
828 418 37 2 0
629 329 20 1 1
1272 666 57 5 1
1283 649 61 8 0
594 293 27 1 0
1272 671 53 4 1
252 109 12 0 0
1275 664 56 5 1
1263 683 51 4 0
1270 671 56 3 1
1271 670 56 4 0
739 402 22 1 0
1260 685 54 2 0
1191 625 47 4 0
470 230 16 2 1
1266 680 51 3 1
483 238 20 1 0
1269 669 60 3 0
531 274 20 0 0
1269 671 56 5 0
1064 514 56 2 2
1262 686 53 0 0
1251 702 47 1 0
823 427 34 1 0
1255 696 47 3 0
1025 538 40 3 0
1277 661 59 3 1
1262 686 49 4 0
1259 687 53 2 0
1265 679 54 3 0
1266 681 46 7 1
1266 681 50 4 0
1260 687 52 2 0
1263 684 51 1 2
1253 699 46 3 0
1263 682 53 2 1
375 186 10 1 1
498 247 20 1 0
1255 696 47 3 0
1146 587 50 3 1
1263 682 52 4 0
1262 685 49 5 0
670 350 23 2 0
736 370 30 3 0
1254 699 46 0 2
284 134 9 1 0
1262 685 53 1 0
956 504 31 4 1
1253 699 47 2 0
1260 686 52 3 0
1259 693 47 2 0
1179 595 50 7 0
1268 675 53 3 2
1265 675 59 2 0
101 39 1 0 0
1264 679 55 3 0
1260 684 56 1 0
446 226 12 3 0
1272 662 65 2 0
1262 685 51 3 0
1261 688 47 4 1
289 138 8 0 1
1268 671 60 2 0
1256 695 49 1 0
247 114 9 0 0
720 360 33 1 0
1257 697 44 2 1
1268 676 52 5 0
1273 665 60 1 2
1274 664 59 4 0
1256 699 43 3 0
328 162 11 0 0
1290 641 58 12 0
1267 673 58 3 0
1261 687 48 3 2
475 225 20 1 1
1271 666 62 2 0
1268 674 54 4 1
1275 662 58 4 2
1257 690 53 1 0
1278 654 63 5 1
1259 692 45 5 0
1259 688 51 3 0
1271 665 64 1 0
1258 691 48 3 1
1262 683 53 3 0
297 134 14 0 0
1278 659 58 4 2
1256 700 43 2 0
1258 691 49 1 2
1258 691 51 1 0
1269 670 57 5 0
1263 679 57 1 1
1261 690 47 2 1
1257 694 48 2 0
1276 664 56 5 0
1251 704 43 3 0
1265 677 56 3 0
921 503 28 1 1
1268 679 49 5 0
1280 653 65 3 0
988 523 39 1 0
1271 674 54 2 0
1252 703 44 2 0
1069 540 51 1 1
1222 632 53 2 1
1282 643 71 5 0
1277 656 64 3 1
1175 588 56 3 1
269 126 7 2 0
1183 608 50 3 1
1231 651 44 6 0
1134 597 44 2 1
619 309 27 1 0
1261 685 53 2 0
589 290 25 2 0
1260 691 47 3 0
1261 687 47 6 0
1153 611 44 3 0
204 89 8 0 0
1266 678 56 1 0
1254 697 48 2 0
613 309 25 0 1
1257 692 49 3 0
1263 688 45 5 0
1255 699 47 0 0
1267 678 54 2 0
1258 697 41 3 2
1265 685 46 5 0
1253 705 41 2 0
548 272 20 2 1
1261 687 50 1 2
435 220 13 2 0
852 432 38 2 0
1262 685 49 4 1
1264 683 51 3 0
1263 685 50 3 0
1272 667 57 4 1
1257 693 48 3 0
952 465 52 1 0
415 209 12 2 0
1266 678 52 4 1
1268 670 61 2 0
1265 683 51 1 1
992 502 48 1 0
1258 692 47 3 1
687 350 26 0 2
1275 664 57 5 0
1269 672 53 7 0
1261 687 48 4 1
1265 679 55 2 0
1072 564 45 1 0
1261 686 53 1 0
1266 680 52 1 2
1043 547 38 3 1
916 499 28 1 1
1270 666 63 2 0
1266 680 52 3 0
1256 695 47 3 0
1270 668 59 4 0
1265 683 48 5 0
1264 681 53 2 1
776 416 28 0 0
492 240 23 0 0
1045 551 40 3 0
1269 669 62 0 1
1260 687 52 2 0
1258 691 49 3 0
979 506 42 2 0
1252 702 44 2 1
643 335 22 2 0
1278 656 61 4 2
1265 677 57 1 1
1252 702 45 2 0
1263 682 51 5 0
1170 615 48 1 1
1174 609 51 1 1
815 445 22 3 0
1277 661 56 5 2
1254 704 37 6 0
1248 708 43 2 0
1249 708 42 1 1
1248 669 48 2 0
1191 623 51 2 0
1267 675 56 3 0
1268 674 54 5 0
493 234 21 3 0
1258 697 40 6 0
1263 677 60 1 0
1264 678 58 0 1
1270 675 52 4 0
1137 608 42 3 0
1259 690 49 3 0
1275 660 63 3 0
293 148 8 0 0
1252 703 44 2 0
162 76 2 0 0
1269 668 61 2 1
849 464 27 1 0
596 284 31 1 0
1264 685 48 4 0
1257 701 38 4 1
565 289 18 3 0
1274 659 65 2 1
220 104 6 0 0
783 396 35 0 1
1270 675 51 2 3
1260 688 49 4 0
1279 656 61 4 1
1270 669 58 4 0
1271 669 56 5 0
1257 693 49 2 0
393 192 15 1 0
1265 682 52 2 0
647 339 23 1 0
1267 676 56 2 0
344 174 11 0 0
1049 560 38 1 1
969 521 33 1 1
1260 690 45 6 0
1262 685 49 5 0
1261 688 50 0 2
1281 650 64 5 1
1276 662 62 1 0
1273 662 63 3 0
1280 653 62 6 0
1281 649 66 4 1
450 212 19 1 1
1278 663 54 6 0
1257 700 43 1 0
674 347 24 1 1
229 99 6 1 1
1259 689 49 3 1
181 80 5 0 0
1277 660 57 4 3
1269 672 58 2 0
1260 687 50 4 0
1272 665 58 6 0
564 290 19 2 0
594 298 27 0 0
1266 676 57 1 1
1271 670 56 4 0
1259 691 47 3 1
1267 675 56 2 1
1253 702 42 4 0
1264 677 58 2 0
1105 572 45 4 0
1262 683 52 4 0
1262 688 47 4 0
1258 689 52 2 0
206 97 5 0 0
1253 699 47 2 0
1267 676 54 4 0
1269 675 55 1 1
1269 673 56 3 0
1263 686 45 6 1
1266 680 52 3 0
1258 691 49 3 0
1260 686 52 3 0
791 405 28 3 1
973 504 39 2 1
797 422 26 3 0
1268 673 56 4 0
1269 674 54 4 0
513 252 22 1 0
1276 662 62 0 1
221 94 8 0 1
1270 667 61 2 1
352 175 11 1 0
1251 701 48 1 0
1269 676 47 7 2
1263 691 44 3 0
788 396 37 1 0
1263 686 48 4 0
1262 685 49 4 1
1277 654 68 1 1
1266 676 55 4 0
1266 680 52 2 1
971 490 36 8 0
285 126 9 3 0
1262 688 47 3 1
332 160 13 0 0
1255 693 53 0 0
1257 693 49 2 0
1267 684 45 4 1
1270 672 55 4 0
1254 700 43 3 1
1275 670 51 4 1
1269 673 54 5 0
455 230 16 1 0
1254 697 48 2 0
442 212 17 1 1
398 188 19 0 0
1267 682 48 3 1
1273 666 56 5 1
366 180 14 0 0
1277 660 59 5 0
1255 695 49 1 1
265 116 13 0 0
246 108 11 0 0
1260 690 47 4 0
217 89 7 1 1
1250 705 43 3 0
1263 681 55 2 0
1259 693 45 3 1
574 292 21 2 0
1254 698 46 3 0
1263 679 58 1 0
1279 656 60 4 2
1256 698 42 5 0
892 472 29 3 1
1263 679 58 1 0
1262 690 43 4 2
1259 689 49 4 0
603 272 31 2 2
1254 699 44 4 0
1259 687 54 1 0
1263 679 57 2 0
1256 700 45 0 0
1256 693 51 1 0
1259 686 54 2 0
424 219 14 0 0
1264 678 57 2 0
1254 700 44 3 0
169 62 9 0 0
1275 662 58 5 1
1264 676 59 2 0
1278 656 63 4 0
557 275 21 3 0
1273 666 55 7 0
934 498 35 1 0
1262 685 52 2 0
1266 675 56 4 0
637 316 27 1 1
223 112 4 0 0
1268 676 50 7 0
313 142 13 1 0
1275 663 56 6 1
1273 665 58 5 0
200 94 5 0 0
1259 690 48 4 0
815 437 28 1 0
584 288 23 3 0
1271 677 46 6 1
894 495 20 5 0
695 346 29 3 0
460 223 20 1 0
1267 673 59 2 0
1262 687 49 3 0
1276 660 58 7 0
513 270 17 0 0
900 463 35 4 0
1278 661 54 7 1
333 149 17 0 0
263 130 7 0 0
226 101 7 1 0
1257 693 49 2 0
251 112 9 1 0
1259 688 51 3 0
504 246 24 0 0
452 232 16 0 0
1123 558 58 2 0
1260 693 44 4 0
430 231 11 0 0
1262 685 52 2 0
895 471 29 5 0
1271 671 54 4 1
1262 688 44 7 0
1268 674 56 3 0
146 57 3 0 1
1128 583 51 2 0
1271 676 48 5 1
1261 683 54 3 0
1269 675 53 3 1
631 311 29 1 0
1269 670 57 5 0
1273 673 47 8 0
1002 514 43 3 0
1268 671 60 2 0
1257 695 47 1 1
302 150 9 0 0
1253 703 41 3 1
868 447 38 1 0
1263 684 46 8 0
319 165 6 1 0
287 142 7 1 0
1261 685 51 3 1
1274 667 56 4 0
1014 567 26 3 0
1262 687 48 3 1
1275 667 52 6 1
1271 665 61 4 0
1106 575 46 3 0
1275 663 62 1 0
904 494 29 1 0
1269 669 59 4 0
1268 671 59 3 0
1131 597 45 1 1
1269 672 60 0 0
1267 677 56 0 1
1272 668 58 3 0
1258 693 47 3 0
205 88 7 1 0
1273 661 65 2 0
1272 671 51 7 0
1279 652 66 4 0
1264 685 49 3 0
1273 666 56 6 0
1276 664 55 5 1
1019 549 34 3 0
1264 679 56 1 1
1260 691 48 1 1
662 330 32 0 0
942 504 35 1 0
1269 674 52 6 0
1260 692 44 4 1
327 155 13 0 0
1256 698 44 1 2
1256 694 49 2 0
1249 707 44 1 0
1266 677 54 4 0
1269 669 59 4 0
1278 659 57 7 0
1265 679 54 2 1
1265 681 51 4 0
1270 675 48 6 2
382 188 12 2 0
1280 658 56 6 1
1269 673 57 2 0
1270 672 54 4 1
1263 682 54 1 1
1150 629 34 3 1
573 284 27 0 0
1264 684 49 3 1
1252 700 48 1 0
812 417 33 2 0
1248 708 43 2 0
1204 642 48 0 1
955 502 37 2 0
1261 683 56 1 0
1259 691 48 3 0
1252 702 45 2 0
1268 675 54 3 1
1268 678 50 4 1
1258 691 47 5 0
587 287 29 0 0
409 202 17 0 0
651 328 28 1 0
1266 672 61 2 0
1283 653 62 1 1
1258 692 48 2 1
1264 679 56 2 0
1264 682 54 1 0
1189 603 54 3 1
364 179 10 1 1
1263 686 50 2 0
751 386 28 3 0
1280 650 69 1 1
414 201 18 0 0
1160 618 40 5 0
1266 681 47 5 2
398 199 13 1 0
1256 696 47 2 0
1271 665 61 4 0
1276 658 63 3 1
1252 703 44 2 0
640 313 28 3 0
534 266 23 1 0
1273 665 60 2 1
1251 701 49 0 0
1273 668 58 1 1
1258 694 47 2 0
1261 684 53 3 0
373 192 11 0 0
1277 654 64 6 0
1255 695 48 3 0
1267 679 50 4 1
1272 671 51 6 1
1250 707 41 3 0
1269 670 59 2 1
1262 684 52 1 2
1263 686 51 1 0
584 301 18 3 0
1273 666 57 4 1
1265 680 54 2 0
1260 685 55 1 0
1279 656 61 5 0
479 259 11 1 0
1258 692 48 3 0
1265 678 54 4 0
1267 685 44 3 2
1271 666 59 5 0
1257 698 41 5 0
618 291 32 2 0
377 193 12 0 0
1266 678 52 4 1
1271 672 53 4 1
1274 663 59 5 0
189 77 7 1 0
310 147 11 1 0
1263 683 54 1 0
1169 597 53 3 0
1268 677 52 3 1
698 358 27 2 0
643 317 23 4 1
1280 648 69 3 1
443 219 17 1 0
1273 663 58 7 0
1270 667 61 3 0
567 294 20 1 0
1265 683 48 4 1
1265 681 49 6 0
143 58 4 0 0
1270 670 59 2 0
1270 667 60 3 1
872 472 31 0 0
1260 689 47 5 0
936 488 38 2 0
1258 692 48 2 1
512 260 19 1 0
1273 672 51 4 1
1247 713 38 2 1
940 502 32 3 0
745 369 38 0 0
929 487 39 0 0
1263 682 53 3 0
765 373 31 5 1
429 214 17 0 0
1264 678 57 2 0
1278 663 56 4 0
1277 663 53 8 0
299 149 9 0 0
866 457 26 4 1
1187 630 49 1 0
633 340 17 2 0
304 138 14 0 0
1262 682 56 0 1
843 434 33 3 0
1277 663 56 4 1
1256 695 47 3 0
1269 675 51 5 1
1270 666 61 4 0
1260 691 43 7 0
1263 681 53 4 0
1285 641 70 4 1
1271 666 60 4 0
1258 698 41 4 0
1180 657 37 1 0
1156 594 46 5 1
1269 672 55 5 0
1013 525 43 2 0
1273 665 60 2 1
107 46 0 0 0
1144 595 43 6 0
1266 675 58 2 0
1260 692 46 3 0
1271 670 56 4 0
1269 672 53 7 0
1277 656 61 7 0
1266 677 53 5 0
1261 688 45 7 0
1262 685 49 4 1
1260 683 57 1 0
1270 674 51 5 1
1275 662 57 6 1
1266 680 47 8 0
637 323 28 0 0
1275 666 55 4 1
1271 668 56 6 0
872 463 32 0 1
1269 674 55 2 1
1263 683 54 1 0
1262 683 54 2 0
1263 686 49 3 0
1262 670 41 8 0
1277 663 53 8 0
1265 679 52 5 0
1262 685 50 3 1
1269 675 50 5 2
1256 695 47 3 0
574 284 23 1 1
1268 674 55 3 1
1002 505 42 3 2
1260 695 45 1 0
288 144 8 0 0
1265 680 54 1 1
393 191 12 0 2
1277 663 57 3 1
1266 679 51 5 0
1267 675 57 2 0
294 145 9 0 0
1269 673 55 4 0
1278 657 61 4 1
1266 675 57 2 1
940 499 33 3 0
1270 672 55 2 2
389 202 10 1 0
1263 680 56 2 0
379 194 12 0 0
415 197 18 1 0
861 447 32 2 1
1268 678 51 3 1
795 430 24 2 0
1262 688 45 5 1
1245 715 39 2 0
1259 689 49 4 0
1260 693 41 6 1
1076 574 35 4 1
1260 687 51 3 0
1270 679 49 2 1
181 82 3 1 0
1262 683 54 2 0
1272 666 60 1 2
1269 669 58 5 0
1281 650 66 4 0
1262 685 52 2 0
249 119 8 0 0
340 166 11 1 0
1252 661 50 3 0
1263 678 58 2 0
1266 676 57 1 1
1275 673 47 4 2
1256 701 39 5 0
827 445 26 3 0
130 55 2 0 0
1273 666 60 2 0
976 517 36 1 1
837 420 38 2 0
399 194 15 1 0
1011 539 41 0 0
1266 684 48 3 0
1267 673 57 4 0
1268 672 58 3 0
1277 659 59 5 1
1259 686 54 2 0
267 139 5 0 0
1260 687 51 2 1
1269 669 58 5 0
1268 672 59 1 1
1265 676 57 3 0
1266 677 56 2 0
881 474 26 4 0
1262 683 54 2 0
1272 670 52 6 1
1262 681 57 1 0
419 221 12 0 0
882 428 44 2 1
1261 691 44 5 0
1268 679 47 6 1
1261 691 45 4 0
1258 692 49 2 0
1252 702 45 1 1
1280 652 63 5 1
1272 665 61 3 0
1266 687 45 3 0
644 314 28 3 0
1254 701 40 6 0
1262 684 52 3 0
1251 709 39 2 0
713 380 24 1 0
1269 676 51 3 2
1273 663 62 3 0
1255 696 49 1 0
1261 687 50 3 0
1270 674 54 3 0
1267 677 54 2 1
1271 669 53 8 0
1281 650 64 5 1
938 522 27 1 0
804 385 38 4 1
1262 690 46 3 0
1278 663 56 4 0
1264 684 49 4 0
1266 679 55 0 1
1077 545 49 4 0
1261 688 48 3 1
1270 675 49 7 0
1267 676 53 4 1
1172 591 50 7 0
501 257 18 1 0
1274 671 49 6 1
420 222 12 0 0
1016 515 46 3 0
1280 650 67 4 0
1271 669 56 4 1
1262 684 51 3 1
340 176 7 2 0
267 117 13 0 0
529 251 20 2 2
1268 675 55 3 0
1252 702 44 3 0
1263 682 54 2 0
1253 699 49 0 0
594 278 31 2 0
662 331 24 3 1
1265 676 59 1 0
569 258 27 4 1
1118 596 44 1 0
1281 653 59 5 3
1149 581 49 5 1
1270 673 53 4 1
1269 676 54 2 0
262 133 6 0 0
936 503 32 2 0
895 472 35 1 0
1267 673 58 3 0
1280 657 59 2 3
1260 687 50 4 0
1271 669 59 2 0
1281 655 61 4 0
1261 689 47 4 0
493 259 16 0 0
899 475 32 3 0
240 134 0 0 0
1283 659 50 7 2
1260 688 48 5 0
1269 671 58 3 0
1269 674 54 3 1
1279 657 58 6 1
1259 687 54 1 0
1024 529 39 4 1
1268 673 56 4 0
1008 495 51 2 1
751 389 30 1 0
1043 545 41 3 0
1149 606 45 3 0
1259 695 43 4 0
1255 697 47 2 0
580 298 18 3 0
387 193 12 0 1
1260 686 52 3 0
1281 649 65 5 1
1259 686 54 2 0
1255 696 47 3 0
1278 659 59 4 1
741 375 31 3 0
245 106 5 1 2
1272 672 53 3 1
1259 694 42 6 0
1261 684 53 2 1
1256 692 51 2 0
1270 670 57 4 0
597 323 15 2 0
1266 675 58 2 0
1273 674 48 5 1
1130 606 37 5 0
1269 675 53 3 1
1280 656 58 6 1
1261 685 52 3 0
703 348 32 2 0
1265 681 49 4 2
1247 711 42 1 0
1272 668 58 3 0
704 378 24 0 0
1258 696 41 6 0
320 158 11 0 0
1275 668 52 4 2
542 270 24 0 0
1274 665 57 4 1
1108 557 58 0 0
1257 694 50 0 0
1258 689 52 2 0
1266 679 49 6 1
1258 690 51 2 0
1262 690 44 5 0
1182 600 55 1 2
1263 684 51 2 1
1269 673 54 4 1
1258 693 48 2 0
1264 682 50 4 1
1258 694 46 3 0
448 226 16 1 0
1271 670 53 7 0
1176 614 48 2 1
1251 701 48 1 0
1265 683 51 1 1
1271 670 57 2 1
643 348 16 1 1
1257 695 46 2 1
272 124 10 1 0
721 365 33 0 0
1253 698 49 1 0
1282 651 65 3 0
434 209 16 1 1
1265 680 51 5 0
1263 680 56 2 0
846 419 36 5 0
1271 665 62 3 0
928 475 38 2 1
1262 682 55 2 0
1257 693 48 2 1
1269 675 52 3 2
1261 688 47 5 0
1262 684 55 0 0
341 151 17 1 0
1277 657 63 3 1
1262 685 52 1 1
690 339 30 2 1
1266 673 60 2 0
1009 520 42 3 0
1278 658 60 4 1
1220 645 45 5 0
757 417 18 3 0
355 177 12 0 0
254 141 1 0 0
1257 694 47 2 1
1263 681 55 1 1
1263 683 51 4 0
1264 682 51 3 1
262 121 8 1 0
1245 715 39 2 0
446 215 21 0 0
1263 685 51 2 0
603 289 22 5 1
1262 685 49 5 0
1062 558 39 3 1
1272 669 55 5 0
228 104 8 0 0
1258 694 47 2 0
1261 687 49 3 1
1259 691 47 4 0
1258 694 44 3 2
952 496 40 1 0
1263 686 47 4 1
313 143 14 0 0
303 140 13 0 0
1274 664 56 6 1
1267 674 57 3 0
1151 603 47 3 0
1286 643 66 6 0
1273 665 62 1 0
1249 708 42 2 0
1277 661 57 5 1
1277 657 61 5 1
1264 682 48 7 0
1253 664 53 1 0
1265 677 55 4 0
1255 697 47 2 0
1272 670 54 3 2
788 400 37 0 0
1015 504 48 4 0
854 462 29 1 0
1265 677 56 3 0
1268 676 51 6 0
1276 660 60 4 1
1260 685 54 2 0
799 418 29 1 1
1258 688 53 2 0
787 413 27 3 0
1274 661 61 5 0
1267 673 58 3 0
1272 665 60 3 1
1279 654 61 7 0
1271 669 57 4 0
1272 668 55 6 0
1290 636 68 6 1
1250 706 44 1 0
967 512 36 2 0
189 79 6 1 0
1261 688 48 4 0
1253 702 43 3 0
1266 680 49 6 0
1141 604 46 1 1
1273 666 53 9 0
1197 620 53 1 1
274 126 11 0 0
1249 710 37 4 1
1269 670 59 2 1
910 469 26 7 2
1263 683 53 2 0
551 268 25 1 0
1267 679 50 4 1
1262 681 55 3 0
236 99 8 1 1
1193 619 51 3 0
846 443 34 1 0
945 480 43 2 0
1274 672 48 5 2
609 306 21 4 0
1268 671 59 2 1
1259 693 43 4 2
1261 681 58 1 0
1279 658 62 1 1
1200 655 38 4 0
428 220 14 1 0
1016 517 45 3 0
1084 541 50 5 0
1263 680 56 2 0
1263 687 45 6 0
1261 684 55 1 0
1264 681 51 5 0
1267 678 54 2 0
669 334 32 0 0
383 201 9 1 0
1256 695 47 2 1
1271 675 48 7 0
892 463 31 5 0
642 315 27 3 0
1266 681 53 0 1
1259 688 53 1 0
1270 674 52 5 0
1206 610 52 4 2
1263 682 53 2 1
439 234 12 0 0
1262 686 45 1 1
1261 685 51 4 0
1257 695 44 4 1
1267 675 56 2 1
645 352 17 0 1
778 412 28 1 0
948 510 29 4 0
415 190 21 1 0
700 357 28 2 0
204 96 5 0 0
1273 670 53 4 1
911 462 38 4 0
1261 684 52 4 0
1266 679 49 6 1
1255 696 48 2 0
965 529 31 1 0
748 387 30 1 0
1274 665 61 0 1
1263 686 49 2 1
1270 675 53 3 0
355 155 19 1 0
1267 679 49 5 1
1250 708 41 1 1
285 139 9 0 0
1276 664 57 4 0
555 280 19 3 0
1269 673 55 4 0
355 183 10 0 0
979 477 48 2 2
1247 714 38 1 1
1211 642 44 5 0
1261 684 53 3 0
1263 682 52 4 0
1260 688 48 5 0
1197 643 40 5 0
1261 688 48 3 1
239 123 2 1 0
1262 681 57 1 0
1257 696 44 4 0
1268 672 58 2 1
1275 659 61 6 0
1274 668 56 3 0
458 222 18 2 0
1261 683 56 1 0
552 281 21 1 0
1264 680 53 4 0
1272 666 58 3 2
770 382 32 3 1
1257 691 51 2 0
1263 681 54 2 1
360 175 11 2 0
1254 697 48 2 0
1170 630 43 2 0
1266 679 51 5 0
1261 685 53 2 0
1262 688 50 1 0
1263 687 44 6 1
345 177 10 0 0
1280 662 52 6 1
1263 678 59 1 0
1265 678 55 3 0
1260 692 44 4 1
1263 683 53 2 0
1277 660 60 4 0
1267 670 63 1 0
1280 659 56 3 1
760 399 27 2 0
750 368 36 2 0
1252 705 40 3 1
1266 675 56 3 1
1272 662 65 2 0
1269 671 58 2 1
1259 691 49 2 0
1268 675 53 4 1
752 385 32 1 0
97 35 1 0 0
684 372 20 1 0
1224 613 58 5 0
1255 695 49 2 0
1265 679 54 2 1
211 97 6 0 0
283 139 9 0 0
1266 682 50 2 1
153 64 4 0 0
1260 694 43 4 0
1260 688 51 2 0
1068 553 50 0 0
639 329 23 2 0
1260 692 43 5 1
1263 684 48 6 0
575 282 24 1 1
1268 673 54 6 0
1270 673 53 2 3
263 125 9 0 0
1271 673 50 7 0
1264 686 50 1 0
1281 650 62 7 1
1262 688 47 4 0
1256 701 43 1 0
1270 676 52 3 0
1257 694 48 2 0
1261 685 53 2 0
670 355 24 0 0
1274 671 49 6 1
1263 680 57 1 0
316 165 8 0 0
312 147 11 1 0
1254 654 50 1 3
944 510 33 1 0
389 175 20 1 0
509 250 20 3 0
1261 692 39 8 1
1248 709 42 2 0
1273 664 59 4 1
1190 615 55 1 0
1258 692 47 4 0
1248 710 40 3 0
550 289 15 1 1
1187 629 43 4 1
394 202 13 0 0
1238 653 53 1 0
1266 678 55 2 0
1261 687 48 5 0
1015 514 46 3 0
1260 626 64 4 0
1048 565 33 3 1
1267 676 52 5 1
1275 665 54 4 3
1260 686 53 1 1
1273 664 59 5 0
1273 665 61 0 2
451 234 15 0 0
1273 664 59 4 1
1267 678 51 5 0
1259 688 52 2 0
1269 671 58 3 0
1271 669 54 6 1
1267 672 59 2 1
1254 701 44 1 1
363 190 8 1 0
462 234 16 1 0
795 434 26 0 0
1214 613 55 4 1
1262 688 48 2 1
1269 677 48 5 2
1267 673 59 2 0
1264 684 46 6 1
1262 680 59 0 0
365 172 17 0 0
1272 662 63 4 0
1274 667 55 5 0
1263 687 47 4 0
505 258 18 1 0
1257 695 44 5 0
744 388 29 1 0
1271 667 61 1 1
1248 709 42 2 0
586 288 27 1 0
1275 662 59 5 0
1277 659 63 2 0
1036 527 39 6 1
1272 669 55 5 0
340 156 13 3 0
1271 673 54 2 1
505 243 22 2 0
1270 672 53 4 2
573 287 22 2 0
1267 678 50 4 2
1283 645 66 6 1
1267 673 59 1 1
1255 697 45 4 0
1269 669 60 2 1
1254 699 45 3 0
404 193 17 1 0
1266 678 53 4 0
859 462 30 1 0
1269 669 59 4 0
144 62 3 0 0
1269 672 54 5 1
996 501 44 3 1
1265 678 55 1 2
1215 653 44 3 0
1269 672 56 3 1
1261 685 51 4 0
164 69 5 0 0
436 208 18 2 0
453 223 16 2 0
902 485 32 1 0
1257 693 47 4 0
822 428 31 1 1
1274 667 54 5 1
1265 681 52 3 0
1274 663 61 0 3
416 204 17 0 0
1048 562 38 2 0
691 360 26 1 0
1277 660 58 4 2
1266 677 53 4 1
1258 686 57 0 0
1265 678 56 0 2
1267 676 51 7 0
1263 684 52 2 0
121 41 5 0 0
1278 657 59 6 1
1252 701 47 1 0
1273 660 65 3 0
1263 681 54 3 0
378 203 7 1 0
1266 679 49 6 1
652 323 26 2 1
902 478 28 5 0
1274 668 57 2 0
839 439 35 0 0
1271 678 45 5 2
1274 664 61 1 1
1255 694 51 1 0
1259 691 47 3 1
1261 689 47 4 0
1274 668 54 5 0
1258 691 48 4 0
1261 683 56 1 0
1253 699 48 1 0
1265 682 46 7 1
1266 675 57 3 0
1267 673 57 4 0
1261 684 54 2 0
611 323 21 0 0
583 315 16 1 0
1282 655 56 5 3
259 113 12 0 0
388 181 16 2 0
1263 678 58 2 0
1270 675 52 4 0
1259 686 55 1 0
1273 667 58 3 0
439 242 9 0 0
1261 686 51 2 1
1261 693 41 5 1
1271 669 59 0 2
1137 611 41 3 0
1264 679 55 3 0
1289 645 62 3 2
1271 669 56 5 0
281 130 10 1 0
1277 661 58 5 0
785 383 36 4 0
1265 678 54 4 0
1270 668 59 4 0
1267 672 60 2 0
1261 683 55 2 0
550 294 17 0 0
1264 683 49 5 0
810 431 29 1 0
1265 683 44 7 2
1278 658 59 6 0
1272 667 57 4 1
658 316 32 1 1
1257 700 41 2 1
830 445 31 0 0
1264 681 53 3 0
1260 689 51 1 0
609 315 21 2 0
1270 671 56 4 0
1260 690 48 3 0
1255 702 40 4 0
1258 691 49 3 0
1261 686 53 1 0
1257 699 39 6 0
1266 677 55 3 0
1264 688 46 3 0
1268 675 52 5 1
1264 680 55 1 1
987 512 38 4 0
460 238 14 1 0
